%% LaTeX2e file `charMS.txt'
%% generated by the `filecontents' environment
%% from source `fourier4.1' on 2016/04/05.
%%
0.000000 0.000000
0.100000 0.020502
0.200000 0.006334
0.300000 0.021465
0.400000 0.039580
0.500000 0.010477
0.600000 0.172619
0.700000 0.009652
0.800000 2.467402
0.900000 3.495389
1.000000 0.268349
1.100000 0.180510
1.200000 0.004158
1.300000 0.065043
1.400000 0.003661
1.500000 0.022907
1.600000 0.011750
1.700000 0.004875
1.800000 0.013665
1.900000 0.000030
2.000000 0.010078
2.100000 0.001649
2.200000 0.004713
2.300000 0.004506
2.400000 0.000916
2.500000 0.005542
2.600000 0.000050
2.700000 0.004227
2.800000 0.001367
2.900000 0.001868
3.000000 0.003035
3.100000 0.000218
3.200000 0.003528
3.300000 0.000200
3.400000 0.002540
3.500000 0.001428
3.600000 0.000953
3.700000 0.002682
3.800000 0.000029
3.900000 0.002885
4.000000 0.000429
4.100000 0.001891
4.200000 0.001758
4.300000 0.000543
4.400000 0.002896
4.500000 0.000007
4.600000 0.002877
4.700000 0.000855
4.800000 0.001673
4.900000 0.002562
5.000000 0.000307
5.100000 0.003829
5.200000 0.000155
5.300000 0.003545
5.400000 0.001876
5.500000 0.001791
5.600000 0.004702
5.700000 0.000131
5.800000 0.006688
5.900000 0.000862
6.000000 0.005985
6.100000 0.005492
6.200000 0.002612
6.300000 0.013251
